53
1209
369
141
545
2141
298
984
1534
2102
2018
476
1975
1519
1544
2565
286
3016
3068
791
1176
1909
1857
1022
1452
2214
2848
331
2145
760
2379
2536
178
685
1165
180
866
1506
1423
1625
732
3106
1069
2178
2439
270
1720
1066
2132
701
2507
51
2061
2325
359
1480
829
2637
3311
686
1493
794
2938
2505
2875
1004
112
2798
1790
1529
3099
416
1707
2410
2121
2502
3000
1909
1390
1583
1307
3166
1468
3257
472
2748
1341
1912
929
437
2567
1860
2278
2143
1128
3129
943
1339
977
2977
531
1144
2886
2866
404
1418
1018
229
2762
2904
1867
492
2570
1184
1423
3128
3080
2966
2084
1395
160
796
595
920
1269
585
1526
230
2438
2977
2630
844
1343
1753
980
806
2677
184
2651
3192
2568
1348
1781
1343
1883
3134
3113
123
1094
799
2506
109
2854
461
2501
2140
1499
3293
1296
1610
1740
2582
2196
2411
2582
3246
2376
1174
95
2084
3005
2297
671
2073
525
577
226
1589
503
2531
1578
88
3179
2742
2193
1362
1435
1196
2703
2128
2546
2149
2912
1852
39
1825
3261
1661
2150
2743
401
989
2278
1292
1439
808
1892
2140
2789
814
3321
2225
45
2327
1201
2792
1940
831
1420
3019
2486
2643
2171
2356
102
2018
155
1712
3240
790
667
717
2870
1763
2054
2750
1253
1623
1693
1048
2784
2128
1967
797
2621
2535
592
175
2596
1963
260
1132
3123
1037
1725
2490