1       //polys 0
2
3
4
5
6
7
8
9
10
11
12
13
14
15
16
17
18
19
20
21
22
23
24
25
26
27
28
29
30
31
32
33
34
35
36
37
38
39
40
41
42
43
44
45
46
47
48
49
50
51
52
53
54
55
56
57
58
59
60
61
62
63
64
65
66
67
68
69
70
71
72
73
74
75
76
77
78
79
80
81
82
83
84
85
86
87
88
89
90
91
92
93
94
95
96
97
98
99
100
101
102
103
104
105
106
107
108
109
110
111
112
113
114
115
116
117
118
119
120
121
122
123
124
125
126
127
128
129
130
131
132
133
134
135
136
137
138
139
140
141
142
143
144
145
146
147
148
149
150
151
152
153
154
155
156
157
158
159
160
161
162
163
164
165
166
167
168
169
170
171
172
173
174
175
176
177
178
179
180
181
182
183
184
185
186
187
188
189
190
191
192
193
194
195
196
197
198
199
200
201
202
203
204
205
206
207
208
209
210
211
212
213
214
215
216
217
218
219
220
221
222
223
224
225
226
227
228
229
230
231
232
233
234
235
236
237
238
239
240
241
242
243
244
245
246
247
248
249
250
251
252
253
254
255
256
1702       //polys 1
1401
2589
1753
3075
233
2922
171
2075
1970
2916
3141
3266
1673
1506
2692
2622
960
3159
1553
1901
837
2949
3105
2229
2169
1028
1848
1191
1233
929
1350
3271
1526
1068
1492
65
30
393
1826
2001
3240
507
452
430
2727
1362
1278
2511
660
2948
672
560
1525
1967
3263
1677
1762
2100
596
3217
1784
2465
2503
3182
1450
3165
3286
1444
1762
1453
2088
203
671
3043
430
1059
1296
257
2041
1469
810
2811
168
366
69
44
244
2972
871
2435
1656
1987
2038
2880
3164
2868
2512
2724
2439
3279
2078
382
2214
2200
1001
451
675
979
428
2453
2276
3308
298
421
2362
819
2195
1704
2046
3256
914
1310
2701
2393
465
1468
413
2114
903
2883
2001
3221
1788
2344
44
2633
3009
269
1953
244
343
2855
1494
854
1845
940
850
3177
852
3121
2676
2718
1023
149
2980
1775
2173
3173
3052
545
2381
3003
771
2381
3040
3069
1450
1598
2517
776
1732
282
1462
1406
2111
56
546
3243
1894
626
331
1602
403
3202
838
3171
663
255
2112
558
238
2955
2875
280
2069
2940
193
980
3310
137
2232
2134
1876
653
1386
492
940
231
3315
3099
2851
3226
2599
1557
3325
2776
2652
747
2137
2506
2490
895
2017
1531
2474
1139
3203
766
2563
1123
2185
902
60
1977
3248
2519
1905
623
350
3048
1460
2633
2726
2369
3277
2350
562
2394
106
242
3148
234
1917
2343
2354
3308       //polys 2
1819
1952
2813
2634
84
1880
1662
635
641
3309
2126
1328
2059
271
1814
3013
1839
592
2014
2467
3032
329
951
2576
1670
1801
638
2209
629
201
3046
202
2247
2140
1038
118
1468
967
2980
189
1080
1525
2108
3323
1562
2191
2692
655
1960
806
2855
2381
2949
150
1837
541
1614
593
764
2410
873
2936
1858
2554
616
699
1785
3156
2478
1282
204
811
756
208
1541
2972
2628
2642
791
822
2275
2987
1296
2398
836
2483
2548
2514
150
2019
3172
75
1997
2446
270
2333
150
1877
1882
2194
171
206
2704
2672
2363
320
2618
710
1740
349
390
2754
279
695
328
2153
2819
2615
3144
571
315
476
219
2634
1629
2210
2556
468
1287
2974
1764
212
288
1521
45
1244
230
1628
858
8
241
1683
1908
1124
646
1573
2137
2136
1767
1773
920
870
1383
2099
3214
2750
106
3178
2559
2365
1883
936
1824
422
1837
238
612
2046
316
1543
983
2016
898
3161
1429
2492
2827
148
1021
932
1996
948
1004
1685
1405
2081
1982
2498
1476
3087
1294
83
1722
3169
17
2234
905
2292
2896
3067
2774
90
1758
3185
2185
383
539
143
2520
661
143
2345
2847
2158
2095
2375
1499
2726
2459
888
642
1125
2369
602
2858
443
2038
2150
2667
1843
1596
613
1025
3231
2195
2144
1572
2415
1351
1323
1611
2027
2023
1934
1375
2171
597
3306
2399
2210
1047
1604
121
1696
1906
1298       //polys 3
1157
76
963
2631
3205
2444
1815
3207
2796
842
688
1397
1931
757
876
233
2551
2091
1294
1913
2731
2973
1415
3037
1629
2088
123
994
315
1821
2133
1585
538
2241
2079
582
2747
2970
535
569
211
3124
2389
2291
454
1911
533
2703
357
691
2658
1196
3278
122
1353
1057
637
1892
2053
2537
64
792
1221
1663
109
1155
1229
1816
392
2091
545
2015
488
942
541
3047
88
2229
1076
3325
1922
2516
1441
278
1386
1171
2253
638
2029
2085
3279
2265
44
835
2173
2586
1288
1017
2083
1344
764
1805
3261
1456
1304
2813
1340
2272
1400
1227
684
1972
1920
771
3029
3149
241
187
1184
2856
137
1199
3192
2125
2528
1165
2889
2040
1113
2595
1520
2633
828
232
2600
1260
2161
1008
2775
2116
1416
2353
2606
2808
1552
87
285
657
482
338
1931
425
862
1989
2427
2885
2290
1506
3100
532
1379
1051
1635
2032
1233
3108
3101
2980
2493
220
484
3224
1553
1968
1017
600
781
573
1646
2963
858
3059
2785
1321
313
663
464
2360
2938
1602
1749
1850
1102
3155
2991
2434
2254
184
3180
3216
1487
1845
449
155
1824
86
1122
2355
726
1795
3257
262
2737
241
883
1152
1607
425
2653
446
823
1958
216
841
1113
593
75
1318
3128
2872
3107
1530
14
633
3171
2440
2355
2674
2147
1911
2093
2589
1893
3298
794
2131
454
2913
1523
2217
1350
2161
448
254
1344
2937       //polys 4
1835
881
2147
3115
3112
2529
2519
169
2517
2282
424
1832
472
2802
803
2834
1126
2626
2129
1332
2787
350
2596
427
963
324
2370
2698
1811
1224
2778
981
1221
389
1287
2451
3229
347
72
3019
3004
1737
1416
2643
2263
1512
3037
2805
1882
291
2495
885
2323
2579
2164
886
959
2599
2204
2623
2911
1509
3181
2805
1872
1682
842
190
2011
1016
1097
2332
2128
1357
55
908
2284
1880
1608
1602
83
1917
1545
3094
1431
224
554
3089
724
1736
899
2112
1970
3155
3150
2189
3216
2233
3142
2757
3033
3180
1539
3100
2236
1560
2706
1244
3128
2236
20
176
2134
762
24
454
851
2241
590
2047
551
1339
2529
1969
947
3136
1795
2188
1410
1249
538
2159
1428
2092
386
1970
1252
1615
2848
775
1679
3158
2196
896
210
692
37
2439
1269
399
71
263
1206
1753
2362
2115
2651
1065
1990
1393
2037
1349
1037
877
724
1410
380
2298
2880
3219
1075
275
2919
110
664
1264
3158
1540
1097
2062
928
3197
1050
1786
329
3013
2877
2889
681
1563
92
2256
455
459
1161
351
2421
82
1863
2030
2289
1031
1373
2189
2104
2944
1388
1655
2815
3074
2690
372
615
1943
925
1215
813
2800
2657
1350
1348
3282
1317
1458
2684
3298
2996
466
2649
1617
1414
2749
306
464
2765
2514
1736
3308
3133
84
137
1292
1026
2733
770
2804
2252
71
1213
986
835
1198
2106
353
2509