2845
3261
795
1165
1356
847
31
2767
2197
1911
2668
2611
517
1656
2194
2900
803
2964
231
2869
613
2236
606
137
3143
2651
2718
727
531
3236
1586
2354
155
765
1442
2580
1712
805
2159
2149
2634
460
2014
1164
3200
1392
1923
415
558
2842
316
3280
931
1345
1999
2266
1094
164
2159
2042
1973
1759
2158
1679
198
1352
247
837
449
2745
1290
1423
2220
54
1019
914
2206
683
2233
3241
2880
1055
614
1893
1974
1988
2679
2424
2217
1574
3234
242
36
1496
2145
1984
581
943
1378
3085
2835
3278
1091
497
2150
3246
3192
2512
3246
645
570
2192
2522
1476
1990
3142
2637
1819
818
1510
1075
2247
742
544
630
1972
2776
1573
482
1687
868
2857
2149
2349
1896
726
2306
1616
883
1703
1313
163
2999
718
1806
186
2104
1378
2453
3135
2605
1511
1467
2063
1985
1544
658
2282
655
295
664
827
3120
1662
3100
2765
1919
2564
2147
2404
1949
1937
461
2513
1270
3097
2089
1083
2576
772
1735
1842
2034
873
524
393
901
1936
1419
831
2334
1182
2825
3306
850
1066
2642
2761
1604
2536
3280
3015
905
493
1532
1899
777
1824
1752
3262
533
2343
1858
2710
1183
30
1668
1680
2946
526
1048
3241
2825
2217
111
2674
1989
2615
659
2652
506
1000
2022
2493
1591
3299
2330
3023
2795
636
70
2695
3194
2057
987
1046
3005
3293
149
744
3105
287
2134
1766
2303
1889
3177
2011
702
1062
1213
1277
391
1044
676
1082
2496
475
3289
1689
140
3299
1605
51
798
2202
122
235
1705
1429
1213
1708
1350
524
2758
1477
1981
1306
138
409
2212
359
1727
194
698
2038
680
1957
2074
971
2407
1683
2541
1746
653
1186
2366
995
1000
30
3306
1517
2337
3205
575
1893
323
2566
688
2469
1930
2583
2712
876
1252
3109
2827
2328
1481
779
447
389
1440
940
1577
982
2467
2729
1914
168
3303
2427
2137
3231
3249
1410
1533
1930
972
2567
956
420
1375
1210
1224
2045
1
1844
1959
1897
591
283
2174
3252
632
740
2683
248
1672
3291
3312
2029
2894
2719
1477
2629
2829
995
25
1818
2239
1782
928
1016
2654
2285
242
2878
819
528
829
627
770
2368
249
2826
1173
2832
1287
206
3269
685
2824
844
2663
2054
3195
1837
813
2451
3141
3071
518
1171
2119
2789
2390
1861
126
866
1689
875
1907
55
707
1246
131
3189
197
2744
2651
154
3245
2891
1462
1212
1196
1606
1709
3227
2506
2996
2278
1032
1335
1892
2835
522
3026
905
871
1791
1342
2721
2151
2818
543
941
2531
1597
2580
2478
2535
1465
1241
1374
120
2892
2471
1800
1165
2327
2582
3309
1584
3276
1613
1807
2818
732
2377
2189
3068
2872
2529
2978
422
2608
521
453
318
729
2595
545
1056
2079
885
2487
2842
198
44
2003
855
2726
1492
1745
1000
2971
1615
1996
595
560
2774
1123
1900
1291
1583
401
3267
601
2624
1521
489
11
1935
1939
1583
1288
215
1205
1013
1943
1961
3008
1732
2511
2937
1241
2188
2284
324
2931
2122
1176
1806
2904
1687
957
2870
379
787
1914
2211
729
484
2114
202
2924
2578
2310
324
359
2173
1635
413
261
301
2491
2892
482
567
2485
3101
2215
1759
2208
2433
31
76
721
1571
477
2767
220
936
1985
1784
1869
1209
2981
2682
2374
3258
2173
638
271
984
2199
1558
2681
2510
1333
3056
3178
510
2898
3161
769
2254
381
426
2486
2722
3286
1116
1570
518
3199
904
1778
1685
1159
3317
3026
1316
661
1596
811
1400
2878
1019
1304
1777
2642
1870
2270
821
527
1592
1102
695
1498
3194
611
2707
2421
1530
3259
837
1486
2538
1250
2540
123
158
648
2352
493
287
0
3121
2098
306
703
3181
1241
808
305
2999
1478
2218
1866
3092
22
1313
51
2570
528
1605
3283
2640
266
3209
2831
1317
2330
3142
741
2872
560
3056
1654
1749
1592
2819
1925
684
2831
63
413
2162
1419
1629
2350
932
2460
2470
2709
1640
2419
3020
1101
2897
3029
570
3260
449
426
1780
2654
2853
3056
2586
334
2307
2534
2623
1914
3192
3285
3229
1531
1282
1391
1849
612
360
253
2868
1276
1587
2326
988
282
1858
1922
491
3171
2952
1208
3190
2689
3190
3270
229
2861
982
1278
46
90
85
985
556
2222
2196
770
2095
525
1562
2457
2053
738
1012
1927
332
437
1501
3035
132
3241
355
1097
867
414
2712
1180
996
3200
1388
492
3235
3086
537
236
2468
1613
2229
1002
2389
2428
2239
3069
3038
823
695
1637
1760
656
2158
1498
1612
488
1190
476
1107
3225
2103
492
2044
2698
3177
1372
1682
2669
799
2069
2151
2388
494
1430
2462
678
2160
1239
3305
1585
2302
516
677
2711
1125
3130
3265
1270
1456
3107
2789
726
1060
2365
2844
283
1553
3160
2736
501
3260
448
906
504
608
1328
2627
1779
3135
3277
3106
3076
2001
361
270
342
78
3078
1964
1592
1687
1958
2298
2104
1865
611
1016
2449
3040
423
782
1081
3141
3119
3225
2173
1480
2080
872
3155
2866
319
2056
2762
85
3050
2886
2931
1707
2609
2997
2077
1823
595
2501
856
1668
359
2496
692
47
826
2855
1331
2306
2782
1602
1585
487
3192
2985
1454
213
1172
2981
2676
551
1466
873
3282
1144
16
1073
3023
2673
11
2980
1100
834
471
3135
341
2133
1519
2391
536
2281
1415
344
2732
2021
1577
1883
1209
47
2533
2008
2138
1174
514
3081
2889
1227
1152
3060
3114
898
330
3223
2180
1939
1233
354
219
1999
1870
1794
1933
2721
798
2993
2480
2148
2503
1762
1475
980
665
540
3022
1918
2710
868
3276
692
1331
1913
2418
3083
2604
283
2341
1880
297
728
1067
1560
1732
2965
2161
442
1704
2206
2393
2220
2185
2700
2990
2658
336
1043
2096
1911
1032
2085
1200
2100
2374
733
1364
1321
1171
1200
3237
1690
3129
90
166
2876
557
65
3172
2051
3220
2342
1979
2122
799
3193
3040
958
635
1349
877
2057
2474
2820
3175
1970
879
3141
2447
1857
1446
72
693
987
2609
1434
3090
2235
2782
415
98
619
897
3062
3155
1276
155
1690
2142
2239
610
2757
1331
3108
3238
332
3260
2267
2143
1295
845
1626
1309
1510
2490
389
2276
1936
774
122
1758
1545
1304
2075
3223
72
455
289
2521
2624
3205
1804
1394
604
1111
1379
867
1694
1522
555
369
3009
1257
3187
2323
491
2582
2346
523
3060
2844
2966
1418
1717
2175
1536
2658
1339
3018
1572
2572
363
1698
3270
3150
2639
1697
935
1495
198
33
1443
2109
1213
540
2844
435
1482
1059
3306
986
2967
981
2517
2955
2677
94
526
2428
2044
3326
1334
2803
2518
2399
2969
2561
1478
3161
443
2389
2451
2868
138
2017
2539
149
406
819
3301
814
2767
3050
1938
1120
2550
594
383
2505
410
3288
3079
621
616
2052
806
1283
1038
2462
1002
948
3209
1589
572
3038
633
3003
1395
569
52
1732
241
232
1241
2553
7
3304
454
515
3080
2237
3246
75
1607
2141
2087
62
1057
1490
825
3059
477
1622
1068
3105
469
1956
2469
2341
2908
710
2892
417
254
1237
2830
657
1936
1725
2582
1294
501
2938
529
716
2213
3026
2105
1797
1090
1063